88,5
88,4
88,3
88,2
88,1
88,0
87,5
87,4
87,3
87,2
87,1
87,0
86,4
86,3
86,2
86,1
86,0
85,9
85,8
85,7
85,6
85,5
85,4
85,3
85,2
85,1
85,0
0,54
84,3
84,2
84,1
84,0
83,6
83,5
83,4
83,3
83,2
83,1
83,0
82,5
82,4
82,3
82,2
82,1
82,0
81,5
81,4
81,3
81,2
81,1
81,0
80,5
80,4
80,3
80,2
80,1
80,0
79,5
79,4
79,3
79,2
79,1
79,0
78,38
78,37
78,36
78,35
78,34
78,33
78,32
78,31
78,30
78,29
78,28
78,27
78,26
78,25
78,24
78,23
78,22
78,21
78,20
78,19
78,18
78,17
78,16
78,15
78,14
78,13
78,12
78,11
78,10
78,9
78,8
78,7
78,6
78,5
78,4
78,3
78,2
78,1
78,0
77,7
77,6
77,5
77,4
77,3
77,2
77,1
77,0
76,171
76,170
76,169
76,168
76,167
76,166
76,165
76,164
76,163
76,162
76,161
76,160
76,159
76,158
76,157
76,156
76,155
76,154
76,153
76,152
76,151
76,150
76,149
76,148
76,147
76,146
76,145
76,144
76,143
76,142
76,141
76,140
76,139
76,138
76,137
76,136
76,135
76,134
76,133
76,132
76,131
76,130
76,129
76,128
76,127
76,126
76,125
76,124
76,123
76,122
76,121
76,120
76,119
76,118
76,117
76,116
76,115
76,114
76,113
76,112
76,111
76,110
76,109
76,108
76,107
76,106
76,105
76,104
76,103
76,102
76,101
76,100
76,99
76,98
76,97
76,96
76,95
76,94
76,93
76,92
76,91
76,90
76,89
76,88
76,87
76,86
76,85
76,84
76,83
76,82
76,81
76,80
76,79
76,78
76,77
76,76
76,75
76,74
76,73
76,72
76,71
76,70
76,69
76,68
76,67
76,66
76,65
76,64
76,39
76,38
76,37
76,36
76,35
76,34
76,33
76,32
76,31
76,30
76,29
76,28
76,27
76,26
76,25
76,24
76,23
76,22
76,21
76,20
76,19
76,18
76,17
76,16
76,15
76,14
76,13
76,12
76,11
76,10
76,9
76,8
76,7
76,6
76,5
76,4
76,3
76,2
76,1
76,0
75,8
75,7
75,6
75,5
75,4
75,3
75,2
75,1
75,0
74,5
74,4
74,3
74,2
74,1
74,0
73,4
73,3
73,2
73,1
73,0
72,6
72,5
72,4
72,3
72,2
72,1
72,0
71,9
71,8
71,7
71,6
71,5
71,4
71,3
71,2
71,1
71,0
70,4
70,3
70,2
70,1
70,0
69,5
69,4
69,3
69,2
69,1
69,0
68,8
68,7
68,6
68,5
68,4
68,3
68,2
68,1
68,0
67,5
67,4
67,3
67,2
67,1
67,0
66,12
66,11
66,10
66,9
66,8
66,7
66,6
66,5
66,4
66,3
66,2
66,1
66,0
65,6
65,5
65,4
65,3
65,2
65,1
65,0
64,3
64,2
64,1
64,0
63,5
63,4
63,3
63,2
63,1
63,0
0,53
62,5
62,4
62,3
62,2
62,1
62,0
61,4
61,3
61,2
61,1
61,0
60,6
60,5
60,4
60,3
60,2
60,1
60,0
59,9
59,8
59,7
59,6
59,5
59,4
59,3
59,2
59,1
59,0
58,3
58,2
58,1
58,0
57,6
57,5
57,4
57,3
57,2
57,1
57,0
56,5
56,4
56,3
56,2
56,1
56,0
55,5
55,4
55,3
55,2
55,1
55,0
54,4
54,3
54,2
54,1
54,0
53,5
53,4
53,3
53,2
53,1
53,0
52,5
52,4
52,3
52,2
52,1
52,0
51,39
51,38
51,37
51,36
51,35
51,34
51,33
51,32
51,31
51,30
51,29
51,28
51,27
51,26
51,25
51,24
51,23
51,22
51,21
51,20
51,19
51,18
51,17
51,16
51,15
51,14
51,13
51,12
51,11
51,9
51,8
51,7
51,6
51,5
51,4
51,3
51,2
51,1
51,0
50,7
50,6
50,5
50,4
50,3
50,2
50,1
50,0
49,39
49,171
49,170
49,169
49,168
49,167
49,166
49,165
49,164
49,163
49,162
49,161
49,160
49,159
49,158
49,157
49,156
49,155
49,154
49,153
49,152
49,151
49,150
49,149
49,148
49,147
49,146
49,145
49,144
49,143
49,142
49,141
49,140
49,139
49,138
49,137
49,136
49,135
49,134
49,133
49,132
49,131
49,130
49,129
49,128
49,127
49,126
49,125
49,124
49,123
49,122
49,121
49,120
49,119
49,118
49,117
49,116
49,115
49,114
49,113
49,112
49,111
49,110
49,109
49,108
49,107
49,106
49,105
49,104
49,103
49,102
49,101
49,100
49,99
49,98
49,97
49,96
49,95
49,94
49,93
49,92
49,91
49,90
49,89
49,88
49,87
49,86
49,85
49,84
49,83
49,82
49,81
49,80
49,79
49,78
49,77
49,76
49,75
49,74
49,73
49,72
49,71
49,70
49,69
49,68
49,67
49,66
49,65
49,64
49,38
49,37
49,36
49,35
49,34
49,33
49,32
49,31
49,30
49,29
49,28
49,27
49,26
49,25
49,24
49,23
49,22
49,21
49,20
49,19
49,18
49,17
49,16
49,15
49,14
49,13
49,12
49,11
49,10
49,9
49,8
49,7
49,6
49,5
49,4
49,3
49,2
49,1
49,0
48,8
48,7
48,6
48,5
48,4
48,3
48,2
48,1
48,0
47,5
47,4
47,3
47,2
47,1
47,0
46,4
46,3
46,2
46,1
46,0
45,6
45,5
45,4
45,3
45,2
45,1
45,0
44,9
44,8
44,7
44,6
44,5
44,4
44,3
44,2
44,1
44,0
43,4
43,3
43,2
43,1
43,0
42,5
42,4
42,3
42,2
42,1
42,0
41,8
41,7
41,6
41,5
41,4
41,3
41,2
41,1
41,0
40,5
40,4
40,3
40,2
40,1
40,0
39,4
39,3
39,2
39,1
39,0
38,12
38,11
38,10
38,9
38,8
38,7
38,6
38,5
38,4
38,3
38,2
38,1
38,0
37,6
37,5
37,4
37,3
37,2
37,1
37,0
36,3
36,2
36,1
36,0
35,3
35,2
35,1
35,0
34,3
34,2
34,1
34,0
33,3
33,2
33,1
33,0
32,3
32,2
32,1
32,0
31,3
31,2
31,1
31,0
0,50
30,3
30,2
30,1
30,0
29,3
29,2
29,1
29,0
28,3
28,2
28,1
28,0
27,3
27,2
27,1
27,0
26,3
26,2
26,1
26,0
25,3
25,2
25,1
25,0
24,3
24,2
24,1
24,0
23,35
23,34
23,33
23,32
23,31
23,30
23,29
23,28
23,27
23,26
23,25
23,24
23,23
23,22
23,21
23,20
23,19
23,18
23,17
23,16
23,15
23,14
23,13
23,12
23,11
23,10
23,9
23,8
23,7
23,6
23,5
23,4
23,3
23,2
23,1
23,0
22,5
22,4
22,3
22,2
22,1
22,0
21,172
21,171
21,170
21,169
21,168
21,167
21,166
21,165
21,164
21,163
21,162
21,161
21,160
21,159
21,158
21,157
21,156
21,155
21,154
21,153
21,152
21,151
21,150
21,149
21,148
21,147
21,146
21,145
21,144
21,143
21,142
21,141
21,140
21,139
21,138
21,137
21,136
21,135
21,134
21,133
21,132
21,131
21,130
21,129
21,128
21,127
21,126
21,125
21,124
21,123
21,122
21,121
21,120
21,119
21,118
21,117
21,116
21,115
21,114
21,113
21,112
21,111
21,110
21,109
21,108
21,107
21,106
21,105
21,104
21,103
21,102
21,101
21,100
21,99
21,98
21,97
21,96
21,95
21,94
21,93
21,92
21,91
21,90
21,89
21,88
21,87
21,86
21,85
21,84
21,83
21,82
21,81
21,80
21,79
21,78
21,77
21,76
21,75
21,74
21,73
21,72
21,71
21,70
21,69
21,68
21,67
21,66
21,65
21,64
21,35
21,34
21,33
21,32
21,31
21,30
21,29
21,28
21,27
21,26
21,25
21,24
21,23
21,22
21,21
21,20
21,19
21,18
21,17
21,16
21,15
21,14
21,13
21,12
21,11
21,10
21,9
21,8
21,7
21,6
21,5
21,4
21,3
21,2
21,1
21,0
20,3
20,2
20,1
20,0
19,3
19,2
19,1
19,0
18,3
18,2
18,1
18,0
17,3
17,2
17,1
17,0
16,3
16,2
16,1
16,0
15,3
15,2
15,1
15,0
14,3
14,2
14,1
14,0
13,3
13,2
13,1
13,0
12,3
12,2
12,1
12,0
11,3
11,2
11,1
11,0
10,5
10,4
10,3
10,2
10,1
10,0
9,3
9,2
9,1
9,0
1,2
1,0
3,2
3,0
8,3
8,2
8,1
8,0
0,9
2,2
2,0
5,3
4,3
7,3
5,2
5,0
0,2
0,0
1,45
3,44
2,44
1,44
3,43
2,43
1,43
3,42
2,42
1,42
3,41
2,41
1,41
3,40
2,40
1,40
3,39
2,39
1,39
3,38
2,38
1,38
3,37
2,37
1,37
3,36
2,36
1,36
3,35
2,35
1,35
3,34
2,34
1,34
3,33
2,33
1,33
3,32
2,32
1,32
3,31
2,31
1,31
3,30
2,30
1,30
3,29
2,29
1,29
3,28
2,28
1,28
3,27
2,27
1,27
3,26
2,26
1,26
3,25
2,25
1,25
3,24
2,24
1,24
3,23
2,23
1,23
3,22
2,22
1,22
3,21
2,21
1,21
3,20
2,20
1,20
3,19
2,19
1,19
3,18
2,18
1,18
3,17
2,17
1,17
3,16
2,16
1,16
3,15
2,15
1,15
3,14
2,14
1,14
3,13
2,13
1,13
3,12
2,12
1,12
3,11
2,11
1,11
3,10
2,10
1,10
3,9
2,9
1,9
3,8
2,8
1,8
3,7
2,7
1,7
3,6
2,6
1,6
3,5
2,5
1,5
3,4
2,4
1,4
3,3
2,3
1,3
0,6
0,5
0,47
0,46
0,49
0,48
0,45
0,12
0,10
0,8
0,11
0,7
0,4
0,3
